20 20
0 0 0 0 0 0 0 0 0 0 0 0 0 0 0 0 0 0 0 0 
0 0 0 0 0 0 2 2 2 0 0 0 0 0 0 0 0 0 0 0 
0 0 0 0 0 0 2 0 2 0 0 0 0 0 0 0 0 0 0 0 
0 0 0 0 0 2 2 0 2 0 0 0 0 0 0 0 0 0 0 0 
0 0 0 0 0 2 0 1 0 2 0 0 0 0 0 0 0 0 0 0 
0 0 0 2 2 2 0 2 0 2 0 0 0 0 0 0 0 0 0 0 
0 0 0 2 0 0 300 2 0 2 0 0 0 0 0 0 0 0 0 0 
0 0 0 2 0 0 301 100 200 2 0 0 0 0 0 0 0 0 0 0 
0 0 0 2 0 0 0 101 201 2 0 0 0 0 0 0 0 0 0 0 
0 0 0 2 2 2 2 2 2 2 0 0 0 0 0 0 0 0 0 0 
0 0 0 0 0 0 0 0 0 0 0 0 0 0 0 0 0 0 0 0 
0 0 0 0 0 0 0 0 0 0 0 0 0 0 0 0 0 0 0 0 
0 0 0 0 0 0 0 0 0 0 0 0 0 0 0 0 0 0 0 0 
0 0 0 0 0 0 0 0 0 0 0 0 0 0 0 0 0 0 0 0 
0 0 0 0 0 0 0 0 0 0 0 0 0 0 0 0 0 0 0 0 
0 0 0 0 0 0 0 0 0 0 0 0 0 0 0 0 0 0 0 0 
0 0 0 0 0 0 0 0 0 0 0 0 0 0 0 0 0 0 0 0 
0 0 0 0 0 0 0 0 0 0 0 0 0 0 0 0 0 0 0 0 
0 0 0 0 0 0 0 0 0 0 0 0 0 0 0 0 0 0 0 0 
0 0 0 0 0 0 0 0 0 0 0 0 0 0 0 0 0 0 0 0 
